[scanner_PET]
crystal_num_X=1
crystal_num_Y=13
crystal_num_Z=13
crystal_size_X=13.000000
crystal_size_Y=1.890000
crystal_size_Z=1.890000
crystal_pitch_X=13.000000
crystal_pitch_Y=2.000000
crystal_pitch_Z=2.000000
block_num_X=1
block_num_Y=1
block_num_Z=4
block_size_X=13.300000
block_size_Y=26.000000
block_size_Z=26.000000
block_pitch_X=13.300000
block_pitch_Y=26.500000
block_pitch_Z=26.500000
module_num_X=1
module_num_Y=1
module_num_Z=1
module_size_X=20.000000
module_size_Y=26.500000
module_size_Z=106.000000
module_pitch_X=20.000000
module_pitch_Y=26.500000
module_pitch_Z=108.000000
panel_num=12
panel_size_X=20.000000
panel_size_Y=26.500000
panel_size_Z=108.000000
panel_pitch_X=20.000000
panel_pitch_Y=26.500000
panel_pitch_Z=108.000000
crystal_offset=1
scanner_radius=52.900000
position_size=256

[scanner_CT]
crystal_num_start=1536
crystal_num_end=1944
crystal_size_start=0.074800
crystal_size_end=0.074800
SOD=309.438000
SDD=427.320000
channel_offset_start=0.000000
channel_offset_end=0.000000
rot_angle=0.000000
