[bed]
shell_inner_diameter=213
horizontal_bed_start=-145.600000
horizontal_bed_end=679.700000
vertical_bed_start=-12.700000
vertical_bed_end=34.000000
dist_PET2CT=446.980000
dist_Point2PET=81.010000
PET_FOV_length=100.000000
CT_FOV_length=100.000000
PET_scan_length=90.000000
CT_scan_length=90.000000
laser_position=0.000000
PET_position=80.530000
CT_position=525.300000
